BRYZ
67
36
13
121
41
28
59
3
.2557
.7929
57.1
11
2
1
6
4
.2694
4.866
1.186
10.517
CAP
68
40
14
124
37
23
67
4
.2394
.7411
47.0
7
3
2
3
2
.2473
4.021
1.170
8.234
DTD
75
46
19
142
42
22
54
1
.2809
.8765
40.0
3
5
2
1
1
.2368
2.700
1.150
8.550
BOD
74
39
12
124
31
31
67
4
.2500
.7432
52.1
10
4
4
2
3
.2021
3.611
0.994
9.803
Jake
63
34
6
94
25
35
62
4
.2520
.7277
48.2
5
5
3
3
2
.2303
2.959
1.068
9.432
DRDN
57
37
11
103
37
18
43
4
.2405
.7319
43.1
5
4
2
3
2
.2317
4.154
1.108
9.138
CC
76
39
13
127
35
33
59
5
.2969
.8758
45.1
9
4
5
1
2
.2012
3.375
1.015
8.338
FSU!
73
43
16
131
41
23
63
5
.2755
.8345
45.1
5
3
2
4
3
.2978
4.368
1.478
9.529
C187
61
35
14
118
48
25
72
3
.2293
.7433
45.1
4
4
2
2
1
.2542
3.375
1.125
9.529
BYE
51
32
10
90
31
21
52
5
.2048
.6281
44.0
4
4
5
2
2
.2051
2.045
1.000
9.409