CAP
64
44
18
134
52
29
72
2
.2452
.8353
51.1
11
4
4
2
3
.2245
4.909
1.110
9.117
C187
79
43
13
134
46
19
66
4
.2873
.8273
58.2
6
4
4
2
3
.2748
3.682
1.295
8.131
CC
75
38
9
116
35
25
70
10
.2679
.7519
52.0
2
5
4
1
2
.2194
2.596
0.981
8.481
BYE
73
46
15
136
37
36
76
7
.2704
.8618
42.1
7
4
4
0
1
.2166
3.189
0.992
12.118
Jake
66
37
13
119
29
30
54
1
.2578
.8028
44.1
3
5
7
2
5
.1467
1.218
0.970
10.759
FSU!
61
44
14
114
44
42
71
1
.2218
.7396
46.1
7
3
4
4
2
.1908
3.496
0.928
9.906
DTD
62
31
11
106
32
25
52
3
.2793
.8267
64.2
3
8
5
2
4
.1364
0.835
0.696
11.273
DRDN
78
39
9
124
38
27
60
2
.2662
.7535
44.0
11
1
1
3
0
.2558
5.727
1.432
9.614
BRYZ
86
42
17
150
42
26
77
3
.2876
.8521
51.2
4
4
1
4
7
.2816
4.529
1.432
8.013
BOD
74
43
9
123
38
27
86
1
.2403
.6988
64.1
10
6
5
2
4
.2078
2.378
1.088
11.472