CAP
80
50
14
135
45
23
75
7
.2632
.7605
48.2
4
3
4
0
4
.2120
3.144
1.130
10.911
DTD
73
51
16
139
53
32
65
6
.2704
.8814
57.0
3
5
3
1
2
.1990
2.053
0.877
8.526
BRYZ
68
40
12
122
49
23
73
5
.2321
.7253
40.1
7
1
1
5
6
.2761
6.025
1.413
7.587
Jake
62
46
11
114
40
28
53
2
.2510
.7949
51.1
6
4
3
4
3
.1694
2.104
0.779
9.994
BOD
86
41
9
137
35
32
57
8
.3050
.8612
56.2
4
5
6
2
3
.2180
1.747
0.971
10.006
CC
64
30
13
117
31
24
49
6
.2560
.7917
47.0
7
4
5
3
1
.2601
4.213
1.319
7.277
DRDN
80
32
10
129
40
25
47
2
.2899
.8161
43.0
7
3
3
4
3
.2931
5.233
1.419
8.372
C187
66
40
11
115
36
40
70
3
.2374
.7542
64.0
10
7
5
3
4
.2185
2.531
1.000
8.578
FSU!
70
35
11
116
33
39
75
3
.2431
.7401
43.2
4
3
6
1
3
.2112
2.679
1.053
8.863
BYE
53
32
10
97
34
19
61
2
.2000
.6265
53.1
9
4
0
2
0
.2538
4.219
1.125
8.606