CC
60
35
9
100
32
24
59
5
.2206
.6534
53.2
5
3
2
4
1
.2053
3.186
1.025
10.398
CAP
52
28
8
89
40
31
80
6
.2140
.6731
56.2
4
4
5
2
6
.1716
1.747
0.865
9.688
C187
59
33
10
101
36
27
59
4
.2521
.7687
52.1
7
3
6
2
2
.1990
2.408
1.013
7.739
Jake
71
40
9
114
38
24
49
5
.2639
.7571
54.1
8
5
1
6
5
.2183
3.644
1.104
8.117
BYE
43
30
6
74
21
27
53
3
.2312
.7357
41.2
9
2
2
6
1
.2590
6.480
1.536
11.880
DTD
47
24
3
73
16
31
59
6
.1918
.5887
44.1
6
3
2
2
5
.1623
2.436
0.812
11.977
FSU!
66
40
7
107
34
29
69
4
.2785
.8053
45.0
7
1
3
5
2
.2616
5.000
1.467
8.000
BRYZ
57
33
9
97
34
30
50
2
.2522
.7689
42.2
3
4
5
1
3
.1633
1.266
0.750
9.492
DRDN
54
33
11
102
36
27
55
5
.2186
.7133
64.1
12
7
3
4
3
.1878
2.938
0.902
9.653
BOD
43
24
7
68
28
22
46
3
.2240
.6644
43.1
1
4
4
3
1
.2222
2.077
1.154
10.385