BOD
67
49
14
122
45
39
62
5
.2839
.9148
46.0
6
3
2
4
4
.2024
3.717
1.087
11.348
CAP
72
35
8
117
33
27
78
5
.2628
.7570
47.1
4
4
2
1
1
.1358
1.141
0.697
12.930
BRYZ
59
36
14
108
36
34
79
7
.2287
.7430
54.0
5
5
5
2
1
.2060
2.000
1.056
10.167
DRDN
57
34
11
104
27
37
49
7
.2317
.7607
38.1
6
2
2
1
5
.2500
5.165
1.357
11.035
DTD
63
28
9
104
24
38
63
4
.2386
.7316
41.0
4
4
2
5
4
.2267
3.732
1.220
8.561
FSU!
75
31
13
130
36
37
71
6
.2747
.8384
45.1
2
4
2
1
8
.2000
1.191
0.949
10.522
Jake
76
45
14
133
40
36
63
5
.2612
.8084
51.1
9
4
4
3
3
.2073
3.156
1.247
9.818
BYE
72
31
7
119
44
26
58
2
.2835
.8239
45.0
4
3
4
1
0
.2321
2.600
1.244
9.800
CC
52
36
9
85
32
20
60
3
.2039
.6109
63.1
7
5
4
3
4
.2078
2.984
1.026
10.232
C187
65
30
8
105
40
23
77
1
.2500
.7174
50.2
6
3
5
3
2
.2099
2.664
0.908
8.349