Jake
67
48
12
119
38
33
66
3
.2548
.7914
43.0
10
4
4
2
0
.2471
5.023
1.302
10.674
CAP
91
60
23
179
56
42
75
8
.3085
1.0021
43.1
5
2
4
1
2
.2250
2.700
1.108
10.800
CC
63
42
7
99
40
30
57
4
.2360
.6854
55.2
7
2
2
3
3
.2344
3.557
1.240
8.407
DTD
74
46
18
144
49
32
62
3
.2937
.9460
57.2
7
4
3
3
2
.2385
4.526
1.335
9.988
C187
56
33
12
105
32
23
55
2
.2759
.8722
43.1
5
2
3
1
1
.2424
4.569
1.269
10.177
BRYZ
84
50
17
156
46
30
68
1
.2989
.9352
39.1
7
1
5
3
1
.2692
5.720
1.424
9.381
BYE
64
54
16
131
52
31
40
1
.2602
.8848
37.2
3
3
1
1
0
.2302
3.106
1.274
9.080
BOD
75
40
6
125
30
26
71
7
.2595
.7627
32.2
4
2
3
2
2
.2439
3.582
1.224
11.571
FSU!
79
40
8
127
38
39
57
6
.2811
.8196
47.2
5
4
3
3
5
.2582
4.343
1.343
10.385
DRDN
42
24
5
70
18
25
56
0
.1935
.6031
44.0
7
2
2
5
3
.2655
5.114
1.364
10.841