BRYZ
62
39
12
109
31
26
67
1
.2541
.7813
39.1
9
2
2
4
2
.2276
5.034
1.144
10.754
CAP
53
32
9
99
33
35
75
5
.2112
.7109
41.2
7
3
3
4
2
.2236
4.968
1.176
11.232
DTD
59
27
9
100
36
24
77
2
.2323
.6990
36.2
4
2
0
4
4
.2987
4.909
1.582
10.309
BOD
68
41
7
102
33
30
66
8
.2586
.7279
54.1
3
4
4
3
2
.1702
2.982
0.847
10.270
Jake
81
43
11
129
40
28
62
4
.2842
.8028
52.1
6
5
2
0
3
.2000
2.752
0.936
9.631
DRDN
55
31
7
91
22
32
52
3
.2183
.6773
60.2
4
5
6
0
1
.1589
2.522
0.940
11.275
CC
56
27
10
103
33
20
77
7
.2066
.6534
59.0
5
5
6
3
3
.2098
3.051
1.153
11.593
FSU!
68
43
8
106
42
28
75
7
.2345
.6737
38.2
2
2
2
2
3
.2397
3.491
1.267
11.172
C187
62
29
12
115
37
22
67
5
.2431
.7641
68.1
7
6
7
2
2
.2169
3.161
1.010
6.849
BYE
73
39
13
128
35
34
76
5
.2829
.8682
52.1
4
4
7
2
0
.1895
2.924
0.955
10.834