CAP
72
41
11
122
43
39
72
7
.2599
.7904
48.0
5
3
5
3
1
.1897
3.375
0.979
10.875
FSU!
66
44
9
104
30
36
82
10
.2418
.7196
48.0
4
4
2
1
6
.2267
2.813
1.188
7.125
BYE
54
40
13
103
42
34
62
5
.2231
.7566
38.2
5
2
2
4
2
.2956
6.052
1.526
8.845
DRDN
72
38
5
104
37
31
62
6
.2609
.7145
56.1
12
4
4
4
3
.1990
4.473
0.959
13.420
C187
66
31
12
112
36
19
58
4
.2548
.7469
44.2
5
3
0
3
1
.2640
5.843
1.478
8.664
BOD
67
40
15
123
44
30
57
1
.2827
.8830
36.1
7
3
2
2
5
.2246
3.220
1.294
10.156
CC
74
36
6
107
32
28
57
3
.2517
.6850
50.1
2
3
3
0
5
.1944
2.146
1.073
9.656
BRYZ
50
31
2
75
25
28
55
2
.2110
.6139
45.2
2
4
2
4
1
.2400
3.153
1.358
9.854
Jake
81
46
11
125
43
29
81
3
.2700
.7510
49.2
7
6
2
2
3
.2258
2.174
1.107
11.054
DTD
77
57
14
138
44
46
64
4
.3080
.9739
43.1
4
1
2
1
5
.2278
2.492
1.154
8.931