CAP
66
41
16
122
42
26
61
1
.2391
.7592
39.2
3
3
3
1
2
.2069
3.630
1.109
10.891
BOD
71
43
14
127
38
29
57
4
.2773
.8535
50.1
3
4
4
2
2
.2011
2.325
0.954
9.119
DRDN
64
44
13
114
38
22
50
5
.2667
.8083
46.2
8
2
2
2
5
.2267
5.014
1.286
6.750
BRYZ
73
45
11
128
40
26
63
4
.2598
.7803
39.1
5
2
3
1
3
.2303
6.178
1.525
9.610
FSU!
77
40
14
136
41
29
59
7
.2810
.8556
49.2
6
4
3
3
5
.2459
4.349
1.349
10.510
DTD
77
45
17
145
50
29
53
2
.2664
.8310
31.2
10
1
2
2
2
.2778
5.400
1.484
9.947
BYE
63
41
11
108
33
26
61
1
.2414
.7287
66.2
10
5
6
0
3
.2402
3.510
1.185
9.315
Jake
63
49
15
122
42
34
57
1
.2461
.8133
46.2
5
4
1
2
4
.1988
3.279
0.879
8.871
C187
73
43
10
124
34
30
58
4
.2797
.8387
44.1
13
2
1
3
0
.2428
5.075
1.173
6.699
CC
57
32
10
100
35
28
59
2
.2436
.7569
38.2
5
0
1
6
3
.2397
6.750
1.371
10.707