C187
80
41
14
144
33
18
54
2
.3175
.9364
62.2
9
5
4
4
3
.2427
3.447
1.149
8.330
CAP
75
48
10
127
36
16
80
5
.2467
.7131
37.0
5
1
3
3
1
.2829
5.351
1.432
11.919
BYE
72
45
7
109
30
30
69
4
.2581
.7314
50.1
7
2
3
3
1
.2526
4.649
1.232
11.086
CC
74
37
13
129
48
19
47
2
.3008
.8799
41.2
5
5
3
1
1
.2063
2.592
0.936
9.720
FSU!
74
38
12
126
29
21
55
2
.3071
.8960
38.0
5
4
3
0
4
.2721
3.789
1.421
8.053
Jake
79
42
12
132
42
24
69
3
.2532
.7348
48.0
12
4
5
2
6
.2114
3.375
1.125
10.125
DRDN
77
46
10
126
35
36
46
4
.2884
.8469
52.1
8
4
6
3
4
.2312
4.299
1.261
9.803
DTD
85
51
19
161
60
39
69
5
.2760
.8856
43.0
7
4
3
3
4
.2357
3.977
1.233
9.000
BOD
82
46
11
139
37
31
77
8
.2715
.8055
42.2
11
1
2
6
1
.2575
6.750
1.242
10.125
BRYZ
53
39
10
99
31
31
45
1
.2199
.7430
47.0
5
5
4
3
2
.2416
2.872
1.149
7.851