CAP
69
39
14
130
39
30
71
6
.2685
.8507
52.2
8
4
3
4
4
.2634
4.443
1.253
10.595
BRYZ
80
33
12
132
46
24
67
8
.2623
.7592
56.2
5
4
5
2
9
.2212
2.541
1.041
9.212
BOD
90
63
17
164
53
34
54
6
.3030
.9272
59.0
9
7
5
1
2
.1739
2.593
0.966
7.169
DTD
58
23
8
99
29
27
65
1
.2292
.6941
49.0
8
6
4
1
4
.2099
3.490
1.122
9.551
DRDN
65
38
7
97
39
28
72
3
.2257
.6328
55.1
2
3
5
4
2
.2582
3.090
1.211
8.620
Jake
82
44
11
129
42
27
68
4
.2761
.7758
42.2
3
3
3
2
6
.1722
2.953
1.008
11.602
FSU!
74
50
18
151
46
28
84
8
.2606
.8692
51.2
2
4
4
2
3
.2772
4.355
1.432
9.406
CC
81
46
21
159
55
26
65
2
.2924
.9385
47.0
5
5
3
1
0
.1856
2.681
0.915
11.106
BYE
69
45
14
124
46
36
70
1
.2413
.7618
44.1
10
1
1
2
3
.2802
5.075
1.353
8.526
C187
64
39
13
116
38
22
69
4
.2379
.7319
52.2
5
3
2
5
2
.2632
4.956
1.291
7.861