CAP
80
46
12
136
46
28
63
10
.2920
.8620
41.2
8
2
3
3
2
.2208
4.536
1.272
10.584
DRDN
75
39
11
127
32
34
69
6
.2534
.7664
46.2
5
3
6
0
5
.1779
2.507
0.964
8.871
FSU!
67
57
16
130
50
37
59
7
.2648
.8732
48.0
6
4
4
3
4
.2514
4.875
1.375
7.125
BOD
60
42
14
109
38
41
63
10
.2128
.6996
47.0
4
2
3
2
3
.2472
4.787
1.404
11.298
BYE
83
50
13
137
53
35
57
4
.3097
.8983
49.2
9
3
3
5
0
.2391
4.711
1.309
8.154
BRYZ
59
39
12
102
36
37
70
4
.2418
.7653
56.2
9
4
1
3
6
.2300
2.859
1.306
10.324
C187
70
42
10
119
33
25
76
4
.2642
.7824
66.0
8
7
5
2
1
.2090
2.727
0.939
9.136
DTD
68
39
14
125
45
32
63
3
.2394
.7589
59.1
10
4
4
2
5
.2851
5.612
1.433
8.343
CC
81
53
16
145
46
23
44
4
.3361
1.0002
33.2
7
2
2
4
3
.2782
6.149
1.396
11.228
Jake
78
56
10
128
37
34
56
3
.2609
.7838
38.1
7
5
4
1
1
.2000
3.287
1.252
10.565