CAP
78
41
12
130
41
26
71
6
.2737
.7979
46.2
12
3
2
3
0
.2660
5.979
1.329
7.907
CC
58
38
11
107
29
28
45
7
.2348
.7535
58.2
8
4
3
3
4
.2391
4.602
1.159
11.506
Jake
79
45
17
150
56
28
72
2
.2743
.8614
50.1
6
5
5
2
1
.2320
3.576
1.272
10.728
C187
67
37
12
116
36
17
56
5
.2519
.7326
39.1
2
2
4
2
1
.2365
3.661
1.119
8.695
DTD
81
53
15
143
51
38
70
6
.2709
.8377
47.0
9
4
4
4
1
.2339
3.447
1.191
7.660
BYE
74
42
8
116
33
33
65
0
.2662
.7706
53.1
6
5
3
4
1
.2611
4.050
1.275
9.619
BRYZ
83
49
13
148
51
26
61
4
.2986
.9090
59.0
7
5
4
2
2
.2435
3.661
1.136
10.678
FSU!
75
40
13
138
38
26
61
8
.2896
.8914
60.0
11
5
3
3
2
.2743
4.500
1.350
8.100
BOD
75
41
10
125
34
20
62
3
.2874
.8228
43.2
3
3
2
3
5
.1875
2.885
1.145
12.160
DRDN
73
52
16
132
43
28
48
3
.2874
.8877
43.1
2
3
4
1
5
.2722
2.492
1.315
9.969