FSU!
99
62
13
160
54
47
91
8
.2720
.8015
78.0
4
4
2
3
5
.1893
2.308
1.115
10.500
CAP
76
44
9
123
49
35
95
6
.2105
.6261
54.0
6
5
4
4
2
.2245
3.833
1.185
9.833
DRDN
119
70
17
197
68
42
68
5
.3020
.8696
66.1
13
1
2
8
6
.2810
5.970
1.508
10.040
BYE
118
67
22
212
78
50
97
5
.2770
.8557
73.0
11
4
4
6
1
.2338
3.945
1.219
10.233
BOD
100
68
16
170
50
47
126
10
.2358
.7217
85.2
5
7
7
4
5
.2229
2.837
1.191
9.981
C187
109
50
19
187
64
40
98
7
.2824
.8416
47.0
5
2
3
3
3
.2500
3.638
1.255
10.340
BRYZ
101
66
22
195
85
50
116
4
.2416
.8053
65.1
6
4
4
2
2
.2397
3.995
1.301
8.403
CC
114
62
16
181
55
33
83
7
.2721
.7689
69.0
10
4
3
3
1
.2415
4.304
1.043
8.609
DTD
120
73
25
225
78
59
113
3
.2697
.8643
80.2
8
3
7
6
4
.2750
4.798
1.450
10.041
Jake
120
72
25
220
77
47
90
4
.2927
.9119
72.2
13
2
5
5
3
.2230
5.326
1.239
12.633