DRDN
89
40
10
139
43
27
58
5
.3069
.8508
52.0
7
5
6
2
2
.2063
2.769
1.000
9.865
CAP
77
49
11
127
42
28
67
5
.2760
.8044
61.0
5
7
5
3
4
.1759
2.213
0.934
8.557
BOD
70
39
13
128
38
23
52
6
.2405
.7367
62.1
5
5
7
2
6
.1814
2.599
0.914
11.695
FSU!
82
43
14
143
47
33
53
4
.2887
.8646
53.1
5
1
3
4
5
.2596
4.556
1.163
8.944
BRYZ
72
51
16
142
50
23
71
3
.2553
.8337
46.0
13
1
2
3
3
.3138
5.478
1.587
8.022
BYE
71
37
11
122
31
26
76
6
.2572
.7678
47.2
3
5
5
3
3
.2378
3.587
1.175
10.762
DTD
77
32
6
117
39
21
72
1
.2810
.7603
48.2
6
1
1
5
5
.1932
4.253
1.048
10.541
C187
75
37
8
119
36
24
54
7
.2809
.7869
33.2
3
1
2
4
1
.2131
5.614
1.337
9.089
Jake
61
48
14
114
44
28
73
4
.2430
.7829
49.0
4
3
2
2
4
.2143
3.306
0.918
10.837
CC
64
42
16
125
38
17
50
2
.2870
.9061
42.2
4
4
1
4
4
.2089
2.531
0.984
10.758