CAP
52
29
7
90
25
24
40
8
.2562
.7824
49.2
8
4
2
3
4
.2151
3.443
1.168
9.060
BOD
56
32
13
115
46
17
66
3
.2097
.6981
46.1
3
4
3
3
4
.1871
2.137
1.058
9.324
DRDN
67
44
16
126
36
28
69
5
.2463
.7911
35.0
6
2
3
3
1
.2164
5.143
1.257
11.571
BRYZ
68
39
16
132
42
32
72
6
.2547
.8310
44.0
3
5
4
0
4
.1699
1.636
0.932
10.432
FSU!
57
27
7
89
24
28
56
7
.2568
.7461
42.0
5
2
3
2
3
.2577
3.643
1.381
9.429
DTD
70
43
15
134
33
32
52
3
.2905
.9373
53.0
16
3
2
7
3
.2438
5.264
1.264
11.377
BYE
58
32
10
103
41
31
78
6
.2283
.7262
54.0
8
5
4
3
2
.2250
3.667
1.074
9.500
Jake
67
40
9
108
31
35
74
8
.2548
.7550
38.0
8
3
2
2
5
.2128
4.026
1.053
12.079
C187
61
30
6
89
24
18
68
3
.2234
.5938
51.0
4
4
1
3
0
.2885
3.882
1.431
9.353
CC
61
31
6
96
22
18
64
5
.2450
.6844
55.2
5
4
3
2
2
.1726
2.910
0.844
10.832