CAP
63
43
16
121
41
42
122
4
.1717
.5929
87.2
2
9
6
3
4
.2086
1.745
0.924
9.445
DTD
103
70
22
198
73
52
111
4
.2601
.8487
64.2
7
4
6
4
0
.2267
4.175
1.175
11.969
BRYZ
94
59
18
172
49
52
119
7
.2350
.7626
67.1
8
4
3
3
4
.2088
3.743
1.218
9.891
Jake
97
62
13
157
57
44
89
4
.2687
.7905
57.0
7
5
3
2
1
.1884
2.684
1.018
12.000
BOD
105
58
15
179
56
37
80
11
.2909
.8599
67.2
11
3
4
4
5
.2179
3.325
1.167
11.305
CC
73
43
18
141
43
29
84
4
.2281
.7336
75.1
14
4
0
7
1
.2447
4.301
1.261
8.841
DRDN
106
61
19
190
49
37
93
8
.2624
.8014
61.1
7
4
3
4
0
.2045
2.935
1.092
9.391
C187
108
54
15
182
56
43
97
7
.2667
.7951
85.2
7
5
6
4
4
.2332
3.362
1.237
8.195
FSU!
99
54
19
175
49
40
87
4
.2789
.8537
83.2
10
7
7
4
7
.1877
2.797
0.873
10.219
BYE
99
64
22
183
59
51
99
7
.2712
.8729
78.1
14
7
5
3
4
.2226
4.481
1.264
12.064