CAP
74
49
15
133
41
22
68
4
.2517
.7618
55.0
13
4
2
5
3
.2615
5.073
1.345
7.527
BYE
66
40
13
118
43
40
67
4
.2349
.7623
39.2
5
2
2
3
2
.2014
3.176
0.958
7.487
C187
61
26
7
96
36
19
66
8
.2652
.7507
43.0
7
3
1
2
1
.2711
5.023
1.233
7.535
FSU!
69
30
12
124
32
23
73
4
.2308
.7022
52.0
5
5
3
3
6
.1895
2.250
0.904
9.173
CC
53
28
12
99
43
13
69
5
.1992
.6062
46.2
6
2
4
2
4
.2818
4.629
1.436
9.450
DRDN
72
38
9
119
34
28
48
10
.2988
.8688
34.2
6
3
2
1
3
.2231
3.635
1.067
11.942
Jake
62
50
14
120
28
28
69
3
.2331
.7735
36.1
4
2
3
0
4
.1890
1.734
0.936
9.661
BOD
81
50
16
152
42
28
65
3
.3011
.9335
43.0
6
1
1
5
3
.2317
4.814
1.349
10.884
DTD
81
43
25
176
62
37
62
2
.2813
.9797
47.0
5
3
4
3
5
.2584
3.255
1.362
8.043
BRYZ
69
40
16
139
38
24
71
1
.2604
.8545
49.1
4
4
1
8
4
.2811
5.473
1.662
7.845