CAP
78
50
11
133
60
24
86
7
.2718
.7894
39.0
5
3
4
2
4
.2238
3.692
1.077
10.615
Jake
65
38
11
111
32
31
60
2
.2381
.7291
65.1
9
7
6
4
4
.2480
3.857
1.240
9.643
DTD
77
42
10
123
42
26
71
2
.2800
.7905
42.1
9
2
2
5
3
.2659
5.740
1.417
12.118
CC
71
29
8
114
31
20
64
6
.2795
.7869
47.2
5
2
5
2
2
.2446
4.343
1.280
11.140
BRYZ
75
38
12
127
39
23
65
2
.2679
.7847
50.1
8
5
4
2
3
.2356
3.040
1.152
8.762
C187
61
38
15
118
45
26
75
5
.2186
.7110
58.0
12
4
3
4
0
.2329
4.190
1.138
8.224
BOD
78
44
13
139
36
39
72
7
.3083
.9481
44.2
8
2
3
3
3
.2528
5.239
1.388
10.075
BYE
62
41
10
106
39
25
75
1
.2263
.6806
49.0
4
3
8
0
2
.1687
1.469
0.837
10.469
DRDN
72
41
5
109
41
22
70
2
.2491
.6841
53.0
12
4
2
3
1
.1969
3.736
0.981
10.019
FSU!
88
47
14
146
31
37
81
9
.2830
.8331
53.1
8
4
4
1
7
.2341
3.713
1.088
9.788