BYE
81
45
13
141
46
32
70
5
.3057
.9162
46.1
5
3
4
4
3
.2623
4.468
1.554
10.878
CAP
69
38
7
112
38
31
59
7
.2749
.8051
44.1
3
3
4
2
3
.1902
2.639
0.947
11.165
FSU!
69
38
14
129
41
34
54
3
.2794
.8907
48.0
7
2
2
3
4
.2895
5.438
1.396
7.313
C187
63
28
6
91
32
24
50
0
.2727
.7362
62.0
7
4
3
3
3
.2564
4.355
1.194
7.839
DRDN
86
48
8
141
43
34
57
8
.2867
.8336
51.1
5
6
3
3
3
.2062
2.279
0.955
11.221
CC
72
32
10
125
29
32
59
2
.2869
.8708
45.2
5
1
2
2
3
.2674
4.336
1.358
8.080
BOD
64
41
14
119
31
35
74
3
.2302
.7457
58.2
4
6
6
1
1
.1951
1.994
1.023
9.511
Jake
69
44
13
122
29
24
48
2
.2594
.7817
41.1
8
2
2
3
4
.2078
4.573
1.089
10.669
BRYZ
73
43
10
125
45
39
66
2
.2885
.8854
56.1
8
5
3
3
3
.2406
3.355
1.136
9.426
DTD
63
40
10
104
31
35
69
3
.2530
.7625
46.1
5
3
4
2
2
.2614
3.691
1.360
10.489