DTD
72
42
16
139
54
24
62
1
.2780
.8793
42.0
8
4
0
2
2
.2109
3.643
1.024
9.643
CAP
69
40
14
120
38
21
77
1
.2518
.7502
55.0
4
5
4
1
7
.1596
1.473
0.727
10.800
Jake
65
38
11
110
32
38
51
7
.2790
.8628
44.0
5
4
7
3
2
.2426
3.068
1.159
9.409
BRYZ
63
38
11
115
41
30
65
2
.2603
.8311
51.2
11
4
6
1
6
.2000
3.484
1.045
7.839
CC
62
32
9
103
28
16
56
6
.2583
.7330
52.1
5
5
4
3
1
.2094
3.096
0.936
9.975
BOD
80
56
17
144
44
40
52
9
.3113
.9682
54.1
5
6
5
3
2
.2031
2.650
0.975
9.276
C187
67
37
9
109
33
22
70
2
.2757
.7868
32.2
5
2
4
1
0
.2520
2.755
1.102
9.092
DRDN
76
42
11
127
42
26
51
4
.2774
.8066
39.0
6
2
2
3
1
.2614
5.769
1.385
10.385
BYE
65
32
12
114
40
21
57
0
.2590
.7769
47.0
7
4
3
4
1
.2663
4.787
1.362
11.681
FSU!
61
36
13
116
39
19
77
3
.2430
.7552
43.1
4
4
2
2
2
.1842
2.700
0.992
10.592